streaming_log,mos,content,encoding_profile,device
bba0-06a6_1.csv,65.45454546,Animation,H264,720p
bba0-06a6_3.csv,68.57142858,Animation,H264,720p
bba0-06a6_4.csv,76.0,Animation,H264,720p
bba0-06a6_5.csv,68.88888888,Animation,H264,720p
bba0-06a6_phase_2_1.csv,60.0,Animation,H264,720p
bba0-06a6_phase_2_2.csv,86.66666665999999,Animation,H264,720p
bba0-06a6_phase_2_3.csv,72.0,Animation,H264,720p
bba0-06a6_phase_2_4.csv,68.57142858,Animation,H264,720p
bba0-08e1_1.csv,71.42857142,Sports,H264,720p
bba0-08e1_2.csv,62.85714286,Sports,H264,720p
bba0-08e1_3.csv,68.0,Sports,H264,720p
bba0-08e1_4.csv,60.0,Sports,H264,720p
bba0-08e1_phase_2_1.csv,68.0,Sports,H264,720p
bba0-08e1_phase_2_2.csv,64.0,Sports,H264,720p
bba0-08e1_phase_2_3.csv,72.0,Sports,H264,720p
bba0-08e1_phase_2_4.csv,71.42857142,Sports,H264,720p
bba0-1a6d_2.csv,85.71428572,Animation,H264,720p
bba0-1a6d_3.csv,80.0,Animation,H264,720p
bba0-1a6d_4.csv,74.54545454,Animation,H264,720p
bba0-1a6d_5.csv,72.0,Animation,H264,720p
bba0-1a6d_phase_2_1.csv,85.71428572,Animation,H264,720p
bba0-1a6d_phase_2_2.csv,84.0,Animation,H264,720p
bba0-1a6d_phase_2_3.csv,76.0,Animation,H264,720p
bba0-1a6d_phase_2_4.csv,92.0,Animation,H264,720p
bba0-2abf_2.csv,68.57142858,Animation,H264,720p
bba0-2abf_3.csv,61.81818182,Animation,H264,720p
bba0-2abf_4.csv,64.0,Animation,H264,720p
bba0-2abf_5.csv,68.57142858,Animation,H264,720p
bba0-2abf_phase_2_1.csv,68.0,Animation,H264,720p
bba0-2abf_phase_2_2.csv,80.0,Animation,H264,720p
bba0-2abf_phase_2_3.csv,100.0,Animation,H264,720p
bba0-2abf_phase_2_4.csv,76.0,Animation,H264,720p
bba0-2c06_2.csv,64.0,Sports,H264,720p
bba0-2c06_3.csv,65.71428572,Sports,H264,720p
bba0-2c06_4.csv,71.42857142,Sports,H264,720p
bba0-2c06_5.csv,80.0,Sports,H264,720p
bba0-2c06_phase_2_1.csv,86.66666665999999,Sports,H264,720p
bba0-2c06_phase_2_2.csv,60.0,Sports,H264,720p
bba0-2c06_phase_2_3.csv,72.0,Sports,H264,720p
bba0-2c06_phase_2_4.csv,68.0,Sports,H264,720p
bba0-4b69_1.csv,60.0,Sports,H264,720p
bba0-4b69_2.csv,62.5,Sports,H264,720p
bba0-4b69_3.csv,68.88888888,Sports,H264,720p
bba0-4b69_5.csv,65.71428572,Sports,H264,720p
bba0-4b69_phase_2_1.csv,80.0,Sports,H264,720p
bba0-4b69_phase_2_2.csv,80.0,Sports,H264,720p
bba0-4b69_phase_2_3.csv,74.28571428,Sports,H264,720p
bba0-4b69_phase_2_4.csv,93.33333334000001,Sports,H264,720p
bba0-6403_1.csv,66.66666666,Gaming,H264,720p
bba0-6403_2.csv,77.14285714,Gaming,H264,720p
bba0-6403_3.csv,60.0,Gaming,H264,720p
bba0-6403_4.csv,57.14285714,Gaming,H264,720p
bba0-6403_phase_2_1.csv,74.28571428,Gaming,H264,720p
bba0-6403_phase_2_2.csv,78.0,Gaming,H264,720p
bba0-6403_phase_2_3.csv,66.66666666,Gaming,H264,720p
bba0-6403_phase_2_4.csv,68.0,Gaming,H264,720p
bba0-6658_1.csv,66.66666666,Gaming,H264,720p
bba0-6658_3.csv,63.636363640000006,Gaming,H264,720p
bba0-6658_4.csv,60.0,Gaming,H264,720p
bba0-6658_5.csv,76.0,Gaming,H264,720p
bba0-6658_phase_2_1.csv,62.85714286,Gaming,H264,720p
bba0-6658_phase_2_2.csv,60.0,Gaming,H264,720p
bba0-6658_phase_2_3.csv,68.0,Gaming,H264,720p
bba0-6658_phase_2_4.csv,100.0,Gaming,H264,720p
bba1-06a6_1.csv,65.45454546,Animation,H264,720p
bba1-06a6_3.csv,68.57142858,Animation,H264,720p
bba1-06a6_4.csv,76.0,Animation,H264,720p
bba1-06a6_5.csv,68.88888888,Animation,H264,720p
bba1-06a6_phase_2_1.csv,60.0,Animation,H264,720p
bba1-06a6_phase_2_2.csv,86.66666665999999,Animation,H264,720p
bba1-06a6_phase_2_3.csv,72.0,Animation,H264,720p
bba1-06a6_phase_2_4.csv,68.57142858,Animation,H264,720p
bba1-08e1_1.csv,71.42857142,Sports,H264,720p
bba1-08e1_2.csv,62.85714286,Sports,H264,720p
bba1-08e1_3.csv,68.0,Sports,H264,720p
bba1-08e1_4.csv,60.0,Sports,H264,720p
bba1-08e1_phase_2_1.csv,68.0,Sports,H264,720p
bba1-08e1_phase_2_2.csv,64.0,Sports,H264,720p
bba1-08e1_phase_2_3.csv,72.0,Sports,H264,720p
bba1-08e1_phase_2_4.csv,71.42857142,Sports,H264,720p
bba1-1a6d_2.csv,85.71428572,Animation,H264,720p
bba1-1a6d_3.csv,80.0,Animation,H264,720p
bba1-1a6d_4.csv,74.54545454,Animation,H264,720p
bba1-1a6d_5.csv,72.0,Animation,H264,720p
bba1-1a6d_phase_2_1.csv,85.71428572,Animation,H264,720p
bba1-1a6d_phase_2_2.csv,84.0,Animation,H264,720p
bba1-1a6d_phase_2_3.csv,76.0,Animation,H264,720p
bba1-1a6d_phase_2_4.csv,92.0,Animation,H264,720p
bba1-2abf_2.csv,68.57142858,Animation,H264,720p
bba1-2abf_3.csv,61.81818182,Animation,H264,720p
bba1-2abf_4.csv,64.0,Animation,H264,720p
bba1-2abf_5.csv,68.57142858,Animation,H264,720p
bba1-2abf_phase_2_1.csv,68.0,Animation,H264,720p
bba1-2abf_phase_2_2.csv,80.0,Animation,H264,720p
bba1-2abf_phase_2_3.csv,100.0,Animation,H264,720p
bba1-2abf_phase_2_4.csv,76.0,Animation,H264,720p
bba1-2c06_2.csv,64.0,Sports,H264,720p
bba1-2c06_3.csv,65.71428572,Sports,H264,720p
bba1-2c06_4.csv,71.42857142,Sports,H264,720p
bba1-2c06_5.csv,80.0,Sports,H264,720p
bba1-2c06_phase_2_1.csv,86.66666665999999,Sports,H264,720p
bba1-2c06_phase_2_2.csv,60.0,Sports,H264,720p
bba1-2c06_phase_2_3.csv,72.0,Sports,H264,720p
bba1-2c06_phase_2_4.csv,68.0,Sports,H264,720p
bba1-4b69_1.csv,60.0,Sports,H264,720p
bba1-4b69_2.csv,62.5,Sports,H264,720p
bba1-4b69_3.csv,68.88888888,Sports,H264,720p
bba1-4b69_5.csv,65.71428572,Sports,H264,720p
bba1-4b69_phase_2_1.csv,80.0,Sports,H264,720p
bba1-4b69_phase_2_2.csv,80.0,Sports,H264,720p
bba1-4b69_phase_2_3.csv,74.28571428,Sports,H264,720p
bba1-4b69_phase_2_4.csv,93.33333334000001,Sports,H264,720p
bba1-6403_1.csv,66.66666666,Gaming,H264,720p
bba1-6403_2.csv,77.14285714,Gaming,H264,720p
bba1-6403_3.csv,60.0,Gaming,H264,720p
bba1-6403_4.csv,57.14285714,Gaming,H264,720p
bba1-6403_phase_2_1.csv,74.28571428,Gaming,H264,720p
bba1-6403_phase_2_2.csv,78.0,Gaming,H264,720p
bba1-6403_phase_2_3.csv,66.66666666,Gaming,H264,720p
bba1-6403_phase_2_4.csv,68.0,Gaming,H264,720p
bba1-6658_1.csv,66.66666666,Gaming,H264,720p
bba1-6658_3.csv,63.636363640000006,Gaming,H264,720p
bba1-6658_4.csv,60.0,Gaming,H264,720p
bba1-6658_5.csv,76.0,Gaming,H264,720p
bba1-6658_phase_2_1.csv,62.85714286,Gaming,H264,720p
bba1-6658_phase_2_2.csv,60.0,Gaming,H264,720p
bba1-6658_phase_2_3.csv,68.0,Gaming,H264,720p
bba1-6658_phase_2_4.csv,100.0,Gaming,H264,720p
bba2-06a6_1.csv,65.45454546,Animation,H264,720p
bba2-06a6_3.csv,68.57142858,Animation,H264,720p
bba2-06a6_4.csv,76.0,Animation,H264,720p
bba2-06a6_5.csv,68.88888888,Animation,H264,720p
bba2-06a6_phase_2_1.csv,60.0,Animation,H264,720p
bba2-06a6_phase_2_2.csv,86.66666665999999,Animation,H264,720p
bba2-06a6_phase_2_3.csv,72.0,Animation,H264,720p
bba2-06a6_phase_2_4.csv,68.57142858,Animation,H264,720p
bba2-08e1_1.csv,71.42857142,Sports,H264,720p
bba2-08e1_2.csv,62.85714286,Sports,H264,720p
bba2-08e1_3.csv,68.0,Sports,H264,720p
bba2-08e1_4.csv,60.0,Sports,H264,720p
bba2-08e1_phase_2_1.csv,68.0,Sports,H264,720p
bba2-08e1_phase_2_2.csv,64.0,Sports,H264,720p
bba2-08e1_phase_2_3.csv,72.0,Sports,H264,720p
bba2-08e1_phase_2_4.csv,71.42857142,Sports,H264,720p
bba2-1a6d_2.csv,85.71428572,Animation,H264,720p
bba2-1a6d_3.csv,80.0,Animation,H264,720p
bba2-1a6d_4.csv,74.54545454,Animation,H264,720p
bba2-1a6d_5.csv,72.0,Animation,H264,720p
bba2-1a6d_phase_2_1.csv,85.71428572,Animation,H264,720p
bba2-1a6d_phase_2_2.csv,84.0,Animation,H264,720p
bba2-1a6d_phase_2_3.csv,76.0,Animation,H264,720p
bba2-1a6d_phase_2_4.csv,92.0,Animation,H264,720p
bba2-2abf_2.csv,68.57142858,Animation,H264,720p
bba2-2abf_3.csv,61.81818182,Animation,H264,720p
bba2-2abf_4.csv,64.0,Animation,H264,720p
bba2-2abf_5.csv,68.57142858,Animation,H264,720p
bba2-2abf_phase_2_1.csv,68.0,Animation,H264,720p
bba2-2abf_phase_2_2.csv,80.0,Animation,H264,720p
bba2-2abf_phase_2_3.csv,100.0,Animation,H264,720p
bba2-2abf_phase_2_4.csv,76.0,Animation,H264,720p
bba2-2c06_2.csv,64.0,Sports,H264,720p
bba2-2c06_3.csv,65.71428572,Sports,H264,720p
bba2-2c06_4.csv,71.42857142,Sports,H264,720p
bba2-2c06_5.csv,80.0,Sports,H264,720p
bba2-2c06_phase_2_1.csv,86.66666665999999,Sports,H264,720p
bba2-2c06_phase_2_2.csv,60.0,Sports,H264,720p
bba2-2c06_phase_2_3.csv,72.0,Sports,H264,720p
bba2-2c06_phase_2_4.csv,68.0,Sports,H264,720p
bba2-4b69_1.csv,60.0,Sports,H264,720p
bba2-4b69_2.csv,62.5,Sports,H264,720p
bba2-4b69_3.csv,68.88888888,Sports,H264,720p
bba2-4b69_5.csv,65.71428572,Sports,H264,720p
bba2-4b69_phase_2_1.csv,80.0,Sports,H264,720p
bba2-4b69_phase_2_2.csv,80.0,Sports,H264,720p
bba2-4b69_phase_2_3.csv,74.28571428,Sports,H264,720p
bba2-4b69_phase_2_4.csv,93.33333334000001,Sports,H264,720p
bba2-6403_1.csv,66.66666666,Gaming,H264,720p
bba2-6403_2.csv,77.14285714,Gaming,H264,720p
bba2-6403_3.csv,60.0,Gaming,H264,720p
bba2-6403_4.csv,57.14285714,Gaming,H264,720p
bba2-6403_phase_2_1.csv,74.28571428,Gaming,H264,720p
bba2-6403_phase_2_2.csv,78.0,Gaming,H264,720p
bba2-6403_phase_2_3.csv,66.66666666,Gaming,H264,720p
bba2-6403_phase_2_4.csv,68.0,Gaming,H264,720p
bba2-6658_1.csv,66.66666666,Gaming,H264,720p
bba2-6658_3.csv,63.636363640000006,Gaming,H264,720p
bba2-6658_4.csv,60.0,Gaming,H264,720p
bba2-6658_5.csv,76.0,Gaming,H264,720p
bba2-6658_phase_2_1.csv,62.85714286,Gaming,H264,720p
bba2-6658_phase_2_2.csv,60.0,Gaming,H264,720p
bba2-6658_phase_2_3.csv,68.0,Gaming,H264,720p
bba2-6658_phase_2_4.csv,100.0,Gaming,H264,720p
bba3-06a6_1.csv,65.45454546,Animation,H264,720p
bba3-06a6_3.csv,68.57142858,Animation,H264,720p
bba3-06a6_4.csv,76.0,Animation,H264,720p
bba3-06a6_5.csv,68.88888888,Animation,H264,720p
bba3-06a6_phase_2_1.csv,60.0,Animation,H264,720p
bba3-06a6_phase_2_2.csv,86.66666665999999,Animation,H264,720p
bba3-06a6_phase_2_3.csv,72.0,Animation,H264,720p
bba3-06a6_phase_2_4.csv,68.57142858,Animation,H264,720p
bba3-08e1_1.csv,71.42857142,Sports,H264,720p
bba3-08e1_2.csv,62.85714286,Sports,H264,720p
bba3-08e1_3.csv,68.0,Sports,H264,720p
bba3-08e1_4.csv,60.0,Sports,H264,720p
bba3-08e1_phase_2_1.csv,68.0,Sports,H264,720p
bba3-08e1_phase_2_2.csv,64.0,Sports,H264,720p
bba3-08e1_phase_2_3.csv,72.0,Sports,H264,720p
bba3-08e1_phase_2_4.csv,71.42857142,Sports,H264,720p
bba3-1a6d_2.csv,85.71428572,Animation,H264,720p
bba3-1a6d_3.csv,80.0,Animation,H264,720p
bba3-1a6d_4.csv,74.54545454,Animation,H264,720p
bba3-1a6d_5.csv,72.0,Animation,H264,720p
bba3-1a6d_phase_2_1.csv,85.71428572,Animation,H264,720p
bba3-1a6d_phase_2_2.csv,84.0,Animation,H264,720p
bba3-1a6d_phase_2_3.csv,76.0,Animation,H264,720p
bba3-1a6d_phase_2_4.csv,92.0,Animation,H264,720p
bba3-2abf_2.csv,68.57142858,Animation,H264,720p
bba3-2abf_3.csv,61.81818182,Animation,H264,720p
bba3-2abf_4.csv,64.0,Animation,H264,720p
bba3-2abf_5.csv,68.57142858,Animation,H264,720p
bba3-2abf_phase_2_1.csv,68.0,Animation,H264,720p
bba3-2abf_phase_2_2.csv,80.0,Animation,H264,720p
bba3-2abf_phase_2_3.csv,100.0,Animation,H264,720p
bba3-2abf_phase_2_4.csv,76.0,Animation,H264,720p
bba3-2c06_2.csv,64.0,Sports,H264,720p
bba3-2c06_3.csv,65.71428572,Sports,H264,720p
bba3-2c06_4.csv,71.42857142,Sports,H264,720p
bba3-2c06_5.csv,80.0,Sports,H264,720p
bba3-2c06_phase_2_1.csv,86.66666665999999,Sports,H264,720p
bba3-2c06_phase_2_2.csv,60.0,Sports,H264,720p
bba3-2c06_phase_2_3.csv,72.0,Sports,H264,720p
bba3-2c06_phase_2_4.csv,68.0,Sports,H264,720p
bba3-4b69_1.csv,60.0,Sports,H264,720p
bba3-4b69_2.csv,62.5,Sports,H264,720p
bba3-4b69_3.csv,68.88888888,Sports,H264,720p
bba3-4b69_5.csv,65.71428572,Sports,H264,720p
bba3-4b69_phase_2_1.csv,80.0,Sports,H264,720p
bba3-4b69_phase_2_2.csv,80.0,Sports,H264,720p
bba3-4b69_phase_2_3.csv,74.28571428,Sports,H264,720p
bba3-4b69_phase_2_4.csv,93.33333334000001,Sports,H264,720p
bba3-6403_1.csv,66.66666666,Gaming,H264,720p
bba3-6403_2.csv,77.14285714,Gaming,H264,720p
bba3-6403_3.csv,60.0,Gaming,H264,720p
bba3-6403_4.csv,57.14285714,Gaming,H264,720p
bba3-6403_phase_2_1.csv,74.28571428,Gaming,H264,720p
bba3-6403_phase_2_2.csv,78.0,Gaming,H264,720p
bba3-6403_phase_2_3.csv,66.66666666,Gaming,H264,720p
bba3-6403_phase_2_4.csv,68.0,Gaming,H264,720p
bba3-6658_1.csv,66.66666666,Gaming,H264,720p
bba3-6658_3.csv,63.636363640000006,Gaming,H264,720p
bba3-6658_4.csv,60.0,Gaming,H264,720p
bba3-6658_5.csv,76.0,Gaming,H264,720p
bba3-6658_phase_2_1.csv,62.85714286,Gaming,H264,720p
bba3-6658_phase_2_2.csv,60.0,Gaming,H264,720p
bba3-6658_phase_2_3.csv,68.0,Gaming,H264,720p
bba3-6658_phase_2_4.csv,100.0,Gaming,H264,720p
bba4-06a6_1.csv,65.45454546,Animation,H264,720p
bba4-06a6_3.csv,68.57142858,Animation,H264,720p
bba4-06a6_4.csv,76.0,Animation,H264,720p
bba4-06a6_5.csv,68.88888888,Animation,H264,720p
bba4-06a6_phase_2_1.csv,60.0,Animation,H264,720p
bba4-06a6_phase_2_2.csv,86.66666665999999,Animation,H264,720p
bba4-06a6_phase_2_3.csv,72.0,Animation,H264,720p
bba4-06a6_phase_2_4.csv,68.57142858,Animation,H264,720p
bba4-08e1_1.csv,71.42857142,Sports,H264,720p
bba4-08e1_2.csv,62.85714286,Sports,H264,720p
bba4-08e1_3.csv,68.0,Sports,H264,720p
bba4-08e1_4.csv,60.0,Sports,H264,720p
bba4-08e1_phase_2_1.csv,68.0,Sports,H264,720p
bba4-08e1_phase_2_2.csv,64.0,Sports,H264,720p
bba4-08e1_phase_2_3.csv,72.0,Sports,H264,720p
bba4-08e1_phase_2_4.csv,71.42857142,Sports,H264,720p
bba4-1a6d_2.csv,85.71428572,Animation,H264,720p
bba4-1a6d_3.csv,80.0,Animation,H264,720p
bba4-1a6d_4.csv,74.54545454,Animation,H264,720p
bba4-1a6d_5.csv,72.0,Animation,H264,720p
bba4-1a6d_phase_2_1.csv,85.71428572,Animation,H264,720p
bba4-1a6d_phase_2_2.csv,84.0,Animation,H264,720p
bba4-1a6d_phase_2_3.csv,76.0,Animation,H264,720p
bba4-1a6d_phase_2_4.csv,92.0,Animation,H264,720p
bba4-2abf_2.csv,68.57142858,Animation,H264,720p
bba4-2abf_3.csv,61.81818182,Animation,H264,720p
bba4-2abf_4.csv,64.0,Animation,H264,720p
bba4-2abf_5.csv,68.57142858,Animation,H264,720p
bba4-2abf_phase_2_1.csv,68.0,Animation,H264,720p
bba4-2abf_phase_2_2.csv,80.0,Animation,H264,720p
bba4-2abf_phase_2_3.csv,100.0,Animation,H264,720p
bba4-2abf_phase_2_4.csv,76.0,Animation,H264,720p
bba4-2c06_2.csv,64.0,Sports,H264,720p
bba4-2c06_3.csv,65.71428572,Sports,H264,720p
bba4-2c06_4.csv,71.42857142,Sports,H264,720p
bba4-2c06_5.csv,80.0,Sports,H264,720p
bba4-2c06_phase_2_1.csv,86.66666665999999,Sports,H264,720p
bba4-2c06_phase_2_2.csv,60.0,Sports,H264,720p
bba4-2c06_phase_2_3.csv,72.0,Sports,H264,720p
bba4-2c06_phase_2_4.csv,68.0,Sports,H264,720p
bba4-4b69_1.csv,60.0,Sports,H264,720p
bba4-4b69_2.csv,62.5,Sports,H264,720p
bba4-4b69_3.csv,68.88888888,Sports,H264,720p
bba4-4b69_5.csv,65.71428572,Sports,H264,720p
bba4-4b69_phase_2_1.csv,80.0,Sports,H264,720p
bba4-4b69_phase_2_2.csv,80.0,Sports,H264,720p
bba4-4b69_phase_2_3.csv,74.28571428,Sports,H264,720p
bba4-4b69_phase_2_4.csv,93.33333334000001,Sports,H264,720p
bba4-6403_1.csv,66.66666666,Gaming,H264,720p
bba4-6403_2.csv,77.14285714,Gaming,H264,720p
bba4-6403_3.csv,60.0,Gaming,H264,720p
bba4-6403_4.csv,57.14285714,Gaming,H264,720p
bba4-6403_phase_2_1.csv,74.28571428,Gaming,H264,720p
bba4-6403_phase_2_2.csv,78.0,Gaming,H264,720p
bba4-6403_phase_2_3.csv,66.66666666,Gaming,H264,720p
bba4-6403_phase_2_4.csv,68.0,Gaming,H264,720p
bba4-6658_1.csv,66.66666666,Gaming,H264,720p
bba4-6658_3.csv,63.636363640000006,Gaming,H264,720p
bba4-6658_4.csv,60.0,Gaming,H264,720p
bba4-6658_5.csv,76.0,Gaming,H264,720p
bba4-6658_phase_2_1.csv,62.85714286,Gaming,H264,720p
bba4-6658_phase_2_2.csv,60.0,Gaming,H264,720p
bba4-6658_phase_2_3.csv,68.0,Gaming,H264,720p
bba4-6658_phase_2_4.csv,100.0,Gaming,H264,720p
bba5-06a6_1.csv,65.45454546,Animation,H264,720p
bba5-06a6_3.csv,68.57142858,Animation,H264,720p
bba5-06a6_4.csv,76.0,Animation,H264,720p
bba5-06a6_5.csv,68.88888888,Animation,H264,720p
bba5-06a6_phase_2_1.csv,60.0,Animation,H264,720p
bba5-06a6_phase_2_2.csv,86.66666665999999,Animation,H264,720p
bba5-06a6_phase_2_3.csv,72.0,Animation,H264,720p
bba5-06a6_phase_2_4.csv,68.57142858,Animation,H264,720p
bba5-08e1_1.csv,71.42857142,Sports,H264,720p
bba5-08e1_2.csv,62.85714286,Sports,H264,720p
bba5-08e1_3.csv,68.0,Sports,H264,720p
bba5-08e1_4.csv,60.0,Sports,H264,720p
bba5-08e1_phase_2_1.csv,68.0,Sports,H264,720p
bba5-08e1_phase_2_2.csv,64.0,Sports,H264,720p
bba5-08e1_phase_2_3.csv,72.0,Sports,H264,720p
bba5-08e1_phase_2_4.csv,71.42857142,Sports,H264,720p
bba5-1a6d_2.csv,85.71428572,Animation,H264,720p
bba5-1a6d_3.csv,80.0,Animation,H264,720p
bba5-1a6d_4.csv,74.54545454,Animation,H264,720p
bba5-1a6d_5.csv,72.0,Animation,H264,720p
bba5-1a6d_phase_2_1.csv,85.71428572,Animation,H264,720p
bba5-1a6d_phase_2_2.csv,84.0,Animation,H264,720p
bba5-1a6d_phase_2_3.csv,76.0,Animation,H264,720p
bba5-1a6d_phase_2_4.csv,92.0,Animation,H264,720p
bba5-2abf_2.csv,68.57142858,Animation,H264,720p
bba5-2abf_3.csv,61.81818182,Animation,H264,720p
bba5-2abf_4.csv,64.0,Animation,H264,720p
bba5-2abf_5.csv,68.57142858,Animation,H264,720p
bba5-2abf_phase_2_1.csv,68.0,Animation,H264,720p
bba5-2abf_phase_2_2.csv,80.0,Animation,H264,720p
bba5-2abf_phase_2_3.csv,100.0,Animation,H264,720p
bba5-2abf_phase_2_4.csv,76.0,Animation,H264,720p
bba5-2c06_2.csv,64.0,Sports,H264,720p
bba5-2c06_3.csv,65.71428572,Sports,H264,720p
bba5-2c06_4.csv,71.42857142,Sports,H264,720p
bba5-2c06_5.csv,80.0,Sports,H264,720p
bba5-2c06_phase_2_1.csv,86.66666665999999,Sports,H264,720p
bba5-2c06_phase_2_2.csv,60.0,Sports,H264,720p
bba5-2c06_phase_2_3.csv,72.0,Sports,H264,720p
bba5-2c06_phase_2_4.csv,68.0,Sports,H264,720p
bba5-4b69_1.csv,60.0,Sports,H264,720p
bba5-4b69_2.csv,62.5,Sports,H264,720p
bba5-4b69_3.csv,68.88888888,Sports,H264,720p
bba5-4b69_5.csv,65.71428572,Sports,H264,720p
bba5-4b69_phase_2_1.csv,80.0,Sports,H264,720p
bba5-4b69_phase_2_2.csv,80.0,Sports,H264,720p
bba5-4b69_phase_2_3.csv,74.28571428,Sports,H264,720p
bba5-4b69_phase_2_4.csv,93.33333334000001,Sports,H264,720p
bba5-6403_1.csv,66.66666666,Gaming,H264,720p
bba5-6403_2.csv,77.14285714,Gaming,H264,720p
bba5-6403_3.csv,60.0,Gaming,H264,720p
bba5-6403_4.csv,57.14285714,Gaming,H264,720p
bba5-6403_phase_2_1.csv,74.28571428,Gaming,H264,720p
bba5-6403_phase_2_2.csv,78.0,Gaming,H264,720p
bba5-6403_phase_2_3.csv,66.66666666,Gaming,H264,720p
bba5-6403_phase_2_4.csv,68.0,Gaming,H264,720p
bba5-6658_1.csv,66.66666666,Gaming,H264,720p
bba5-6658_3.csv,63.636363640000006,Gaming,H264,720p
bba5-6658_4.csv,60.0,Gaming,H264,720p
bba5-6658_5.csv,76.0,Gaming,H264,720p
bba5-6658_phase_2_1.csv,62.85714286,Gaming,H264,720p
bba5-6658_phase_2_2.csv,60.0,Gaming,H264,720p
bba5-6658_phase_2_3.csv,68.0,Gaming,H264,720p
bba5-6658_phase_2_4.csv,100.0,Gaming,H264,720p
bba6-06a6_1.csv,65.45454546,Animation,H264,720p
bba6-06a6_3.csv,68.57142858,Animation,H264,720p
bba6-06a6_4.csv,76.0,Animation,H264,720p
bba6-06a6_5.csv,68.88888888,Animation,H264,720p
bba6-06a6_phase_2_1.csv,60.0,Animation,H264,720p
bba6-06a6_phase_2_2.csv,86.66666665999999,Animation,H264,720p
bba6-06a6_phase_2_3.csv,72.0,Animation,H264,720p
bba6-06a6_phase_2_4.csv,68.57142858,Animation,H264,720p
bba6-08e1_1.csv,71.42857142,Sports,H264,720p
bba6-08e1_2.csv,62.85714286,Sports,H264,720p
bba6-08e1_3.csv,68.0,Sports,H264,720p
bba6-08e1_4.csv,60.0,Sports,H264,720p
bba6-08e1_phase_2_1.csv,68.0,Sports,H264,720p
bba6-08e1_phase_2_2.csv,64.0,Sports,H264,720p
bba6-08e1_phase_2_3.csv,72.0,Sports,H264,720p
bba6-08e1_phase_2_4.csv,71.42857142,Sports,H264,720p
bba6-1a6d_2.csv,85.71428572,Animation,H264,720p
bba6-1a6d_3.csv,80.0,Animation,H264,720p
bba6-1a6d_4.csv,74.54545454,Animation,H264,720p
bba6-1a6d_5.csv,72.0,Animation,H264,720p
bba6-1a6d_phase_2_1.csv,85.71428572,Animation,H264,720p
bba6-1a6d_phase_2_2.csv,84.0,Animation,H264,720p
bba6-1a6d_phase_2_3.csv,76.0,Animation,H264,720p
bba6-1a6d_phase_2_4.csv,92.0,Animation,H264,720p
bba6-2abf_2.csv,68.57142858,Animation,H264,720p
bba6-2abf_3.csv,61.81818182,Animation,H264,720p
bba6-2abf_4.csv,64.0,Animation,H264,720p
bba6-2abf_5.csv,68.57142858,Animation,H264,720p
bba6-2abf_phase_2_1.csv,68.0,Animation,H264,720p
bba6-2abf_phase_2_2.csv,80.0,Animation,H264,720p
bba6-2abf_phase_2_3.csv,100.0,Animation,H264,720p
bba6-2abf_phase_2_4.csv,76.0,Animation,H264,720p
bba6-2c06_2.csv,64.0,Sports,H264,720p
bba6-2c06_3.csv,65.71428572,Sports,H264,720p
bba6-2c06_4.csv,71.42857142,Sports,H264,720p
bba6-2c06_5.csv,80.0,Sports,H264,720p
bba6-2c06_phase_2_1.csv,86.66666665999999,Sports,H264,720p
bba6-2c06_phase_2_2.csv,60.0,Sports,H264,720p
bba6-2c06_phase_2_3.csv,72.0,Sports,H264,720p
bba6-2c06_phase_2_4.csv,68.0,Sports,H264,720p
bba6-4b69_1.csv,60.0,Sports,H264,720p
bba6-4b69_2.csv,62.5,Sports,H264,720p
bba6-4b69_3.csv,68.88888888,Sports,H264,720p
bba6-4b69_5.csv,65.71428572,Sports,H264,720p
bba6-4b69_phase_2_1.csv,80.0,Sports,H264,720p
bba6-4b69_phase_2_2.csv,80.0,Sports,H264,720p
bba6-4b69_phase_2_3.csv,74.28571428,Sports,H264,720p
bba6-4b69_phase_2_4.csv,93.33333334000001,Sports,H264,720p
bba6-6403_1.csv,66.66666666,Gaming,H264,720p
bba6-6403_2.csv,77.14285714,Gaming,H264,720p
bba6-6403_3.csv,60.0,Gaming,H264,720p
bba6-6403_4.csv,57.14285714,Gaming,H264,720p
bba6-6403_phase_2_1.csv,74.28571428,Gaming,H264,720p
bba6-6403_phase_2_2.csv,78.0,Gaming,H264,720p
bba6-6403_phase_2_3.csv,66.66666666,Gaming,H264,720p
bba6-6403_phase_2_4.csv,68.0,Gaming,H264,720p
bba6-6658_1.csv,66.66666666,Gaming,H264,720p
bba6-6658_3.csv,63.636363640000006,Gaming,H264,720p
bba6-6658_4.csv,60.0,Gaming,H264,720p
bba6-6658_5.csv,76.0,Gaming,H264,720p
bba6-6658_phase_2_1.csv,62.85714286,Gaming,H264,720p
bba6-6658_phase_2_2.csv,60.0,Gaming,H264,720p
bba6-6658_phase_2_3.csv,68.0,Gaming,H264,720p
bba6-6658_phase_2_4.csv,100.0,Gaming,H264,720p
bba7-06a6_1.csv,65.45454546,Animation,H264,720p
bba7-06a6_3.csv,68.57142858,Animation,H264,720p
bba7-06a6_4.csv,76.0,Animation,H264,720p
bba7-06a6_5.csv,68.88888888,Animation,H264,720p
bba7-06a6_phase_2_1.csv,60.0,Animation,H264,720p
bba7-06a6_phase_2_2.csv,86.66666665999999,Animation,H264,720p
bba7-06a6_phase_2_3.csv,72.0,Animation,H264,720p
bba7-06a6_phase_2_4.csv,68.57142858,Animation,H264,720p
bba7-08e1_1.csv,71.42857142,Sports,H264,720p
bba7-08e1_2.csv,62.85714286,Sports,H264,720p
bba7-08e1_3.csv,68.0,Sports,H264,720p
bba7-08e1_4.csv,60.0,Sports,H264,720p
bba7-08e1_phase_2_1.csv,68.0,Sports,H264,720p
bba7-08e1_phase_2_2.csv,64.0,Sports,H264,720p
bba7-08e1_phase_2_3.csv,72.0,Sports,H264,720p
bba7-08e1_phase_2_4.csv,71.42857142,Sports,H264,720p
bba7-1a6d_2.csv,85.71428572,Animation,H264,720p
bba7-1a6d_3.csv,80.0,Animation,H264,720p
bba7-1a6d_4.csv,74.54545454,Animation,H264,720p
bba7-1a6d_5.csv,72.0,Animation,H264,720p
bba7-1a6d_phase_2_1.csv,85.71428572,Animation,H264,720p
bba7-1a6d_phase_2_2.csv,84.0,Animation,H264,720p
bba7-1a6d_phase_2_3.csv,76.0,Animation,H264,720p
bba7-1a6d_phase_2_4.csv,92.0,Animation,H264,720p
bba7-2abf_2.csv,68.57142858,Animation,H264,720p
bba7-2abf_3.csv,61.81818182,Animation,H264,720p
bba7-2abf_4.csv,64.0,Animation,H264,720p
bba7-2abf_5.csv,68.57142858,Animation,H264,720p
bba7-2abf_phase_2_1.csv,68.0,Animation,H264,720p
bba7-2abf_phase_2_2.csv,80.0,Animation,H264,720p
bba7-2abf_phase_2_3.csv,100.0,Animation,H264,720p
bba7-2abf_phase_2_4.csv,76.0,Animation,H264,720p
bba7-2c06_2.csv,64.0,Sports,H264,720p
bba7-2c06_3.csv,65.71428572,Sports,H264,720p
bba7-2c06_4.csv,71.42857142,Sports,H264,720p
bba7-2c06_5.csv,80.0,Sports,H264,720p
bba7-2c06_phase_2_1.csv,86.66666665999999,Sports,H264,720p
bba7-2c06_phase_2_2.csv,60.0,Sports,H264,720p
bba7-2c06_phase_2_3.csv,72.0,Sports,H264,720p
bba7-2c06_phase_2_4.csv,68.0,Sports,H264,720p
bba7-4b69_1.csv,60.0,Sports,H264,720p
bba7-4b69_2.csv,62.5,Sports,H264,720p
bba7-4b69_3.csv,68.88888888,Sports,H264,720p
bba7-4b69_5.csv,65.71428572,Sports,H264,720p
bba7-4b69_phase_2_1.csv,80.0,Sports,H264,720p
bba7-4b69_phase_2_2.csv,80.0,Sports,H264,720p
bba7-4b69_phase_2_3.csv,74.28571428,Sports,H264,720p
bba7-4b69_phase_2_4.csv,93.33333334000001,Sports,H264,720p
bba7-6403_1.csv,66.66666666,Gaming,H264,720p
bba7-6403_2.csv,77.14285714,Gaming,H264,720p
bba7-6403_3.csv,60.0,Gaming,H264,720p
bba7-6403_4.csv,57.14285714,Gaming,H264,720p
bba7-6403_phase_2_1.csv,74.28571428,Gaming,H264,720p
bba7-6403_phase_2_2.csv,78.0,Gaming,H264,720p
bba7-6403_phase_2_3.csv,66.66666666,Gaming,H264,720p
bba7-6403_phase_2_4.csv,68.0,Gaming,H264,720p
bba7-6658_1.csv,66.66666666,Gaming,H264,720p
bba7-6658_3.csv,63.636363640000006,Gaming,H264,720p
bba7-6658_4.csv,60.0,Gaming,H264,720p
bba7-6658_5.csv,76.0,Gaming,H264,720p
bba7-6658_phase_2_1.csv,62.85714286,Gaming,H264,720p
bba7-6658_phase_2_2.csv,60.0,Gaming,H264,720p
bba7-6658_phase_2_3.csv,68.0,Gaming,H264,720p
bba7-6658_phase_2_4.csv,100.0,Gaming,H264,720p
bba8-06a6_1.csv,65.45454546,Animation,H264,720p
bba8-06a6_3.csv,68.57142858,Animation,H264,720p
bba8-06a6_4.csv,76.0,Animation,H264,720p
bba8-06a6_5.csv,68.88888888,Animation,H264,720p
bba8-06a6_phase_2_1.csv,60.0,Animation,H264,720p
bba8-06a6_phase_2_2.csv,86.66666665999999,Animation,H264,720p
bba8-06a6_phase_2_3.csv,72.0,Animation,H264,720p
bba8-06a6_phase_2_4.csv,68.57142858,Animation,H264,720p
bba8-08e1_1.csv,71.42857142,Sports,H264,720p
bba8-08e1_2.csv,62.85714286,Sports,H264,720p
bba8-08e1_3.csv,68.0,Sports,H264,720p
bba8-08e1_4.csv,60.0,Sports,H264,720p
bba8-08e1_phase_2_1.csv,68.0,Sports,H264,720p
bba8-08e1_phase_2_2.csv,64.0,Sports,H264,720p
bba8-08e1_phase_2_3.csv,72.0,Sports,H264,720p
bba8-08e1_phase_2_4.csv,71.42857142,Sports,H264,720p
bba8-1a6d_2.csv,85.71428572,Animation,H264,720p
bba8-1a6d_3.csv,80.0,Animation,H264,720p
bba8-1a6d_4.csv,74.54545454,Animation,H264,720p
bba8-1a6d_5.csv,72.0,Animation,H264,720p
bba8-1a6d_phase_2_1.csv,85.71428572,Animation,H264,720p
bba8-1a6d_phase_2_2.csv,84.0,Animation,H264,720p
bba8-1a6d_phase_2_3.csv,76.0,Animation,H264,720p
bba8-1a6d_phase_2_4.csv,92.0,Animation,H264,720p
bba8-2abf_2.csv,68.57142858,Animation,H264,720p
bba8-2abf_3.csv,61.81818182,Animation,H264,720p
bba8-2abf_4.csv,64.0,Animation,H264,720p
bba8-2abf_5.csv,68.57142858,Animation,H264,720p
bba8-2abf_phase_2_1.csv,68.0,Animation,H264,720p
bba8-2abf_phase_2_2.csv,80.0,Animation,H264,720p
bba8-2abf_phase_2_3.csv,100.0,Animation,H264,720p
bba8-2abf_phase_2_4.csv,76.0,Animation,H264,720p
bba8-2c06_2.csv,64.0,Sports,H264,720p
bba8-2c06_3.csv,65.71428572,Sports,H264,720p
bba8-2c06_4.csv,71.42857142,Sports,H264,720p
bba8-2c06_5.csv,80.0,Sports,H264,720p
bba8-2c06_phase_2_1.csv,86.66666665999999,Sports,H264,720p
bba8-2c06_phase_2_2.csv,60.0,Sports,H264,720p
bba8-2c06_phase_2_3.csv,72.0,Sports,H264,720p
bba8-2c06_phase_2_4.csv,68.0,Sports,H264,720p
bba8-4b69_1.csv,60.0,Sports,H264,720p
bba8-4b69_2.csv,62.5,Sports,H264,720p
bba8-4b69_3.csv,68.88888888,Sports,H264,720p
bba8-4b69_5.csv,65.71428572,Sports,H264,720p
bba8-4b69_phase_2_1.csv,80.0,Sports,H264,720p
bba8-4b69_phase_2_2.csv,80.0,Sports,H264,720p
bba8-4b69_phase_2_3.csv,74.28571428,Sports,H264,720p
bba8-4b69_phase_2_4.csv,93.33333334000001,Sports,H264,720p
bba8-6403_1.csv,66.66666666,Gaming,H264,720p
bba8-6403_2.csv,77.14285714,Gaming,H264,720p
bba8-6403_3.csv,60.0,Gaming,H264,720p
bba8-6403_4.csv,57.14285714,Gaming,H264,720p
bba8-6403_phase_2_1.csv,74.28571428,Gaming,H264,720p
bba8-6403_phase_2_2.csv,78.0,Gaming,H264,720p
bba8-6403_phase_2_3.csv,66.66666666,Gaming,H264,720p
bba8-6403_phase_2_4.csv,68.0,Gaming,H264,720p
bba8-6658_1.csv,66.66666666,Gaming,H264,720p
bba8-6658_3.csv,63.636363640000006,Gaming,H264,720p
bba8-6658_4.csv,60.0,Gaming,H264,720p
bba8-6658_5.csv,76.0,Gaming,H264,720p
bba8-6658_phase_2_1.csv,62.85714286,Gaming,H264,720p
bba8-6658_phase_2_2.csv,60.0,Gaming,H264,720p
bba8-6658_phase_2_3.csv,68.0,Gaming,H264,720p
bba8-6658_phase_2_4.csv,100.0,Gaming,H264,720p
bba9-06a6_1.csv,65.45454546,Animation,H264,720p
bba9-06a6_3.csv,68.57142858,Animation,H264,720p
bba9-06a6_4.csv,76.0,Animation,H264,720p
bba9-06a6_5.csv,68.88888888,Animation,H264,720p
bba9-06a6_phase_2_1.csv,60.0,Animation,H264,720p
bba9-06a6_phase_2_2.csv,86.66666665999999,Animation,H264,720p
bba9-06a6_phase_2_3.csv,72.0,Animation,H264,720p
bba9-06a6_phase_2_4.csv,68.57142858,Animation,H264,720p
bba9-08e1_1.csv,71.42857142,Sports,H264,720p
bba9-08e1_2.csv,62.85714286,Sports,H264,720p
bba9-08e1_3.csv,68.0,Sports,H264,720p
bba9-08e1_4.csv,60.0,Sports,H264,720p
bba9-08e1_phase_2_1.csv,68.0,Sports,H264,720p
bba9-08e1_phase_2_2.csv,64.0,Sports,H264,720p
bba9-08e1_phase_2_3.csv,72.0,Sports,H264,720p
bba9-08e1_phase_2_4.csv,71.42857142,Sports,H264,720p
bba9-1a6d_2.csv,85.71428572,Animation,H264,720p
bba9-1a6d_3.csv,80.0,Animation,H264,720p
bba9-1a6d_4.csv,74.54545454,Animation,H264,720p
bba9-1a6d_5.csv,72.0,Animation,H264,720p
bba9-1a6d_phase_2_1.csv,85.71428572,Animation,H264,720p
bba9-1a6d_phase_2_2.csv,84.0,Animation,H264,720p
bba9-1a6d_phase_2_3.csv,76.0,Animation,H264,720p
bba9-1a6d_phase_2_4.csv,92.0,Animation,H264,720p
bba9-2abf_2.csv,68.57142858,Animation,H264,720p
bba9-2abf_3.csv,61.81818182,Animation,H264,720p
bba9-2abf_4.csv,64.0,Animation,H264,720p
bba9-2abf_5.csv,68.57142858,Animation,H264,720p
bba9-2abf_phase_2_1.csv,68.0,Animation,H264,720p
bba9-2abf_phase_2_2.csv,80.0,Animation,H264,720p
bba9-2abf_phase_2_3.csv,100.0,Animation,H264,720p
bba9-2abf_phase_2_4.csv,76.0,Animation,H264,720p
bba9-2c06_2.csv,64.0,Sports,H264,720p
bba9-2c06_3.csv,65.71428572,Sports,H264,720p
bba9-2c06_4.csv,71.42857142,Sports,H264,720p
bba9-2c06_5.csv,80.0,Sports,H264,720p
bba9-2c06_phase_2_1.csv,86.66666665999999,Sports,H264,720p
bba9-2c06_phase_2_2.csv,60.0,Sports,H264,720p
bba9-2c06_phase_2_3.csv,72.0,Sports,H264,720p
bba9-2c06_phase_2_4.csv,68.0,Sports,H264,720p
bba9-4b69_1.csv,60.0,Sports,H264,720p
bba9-4b69_2.csv,62.5,Sports,H264,720p
bba9-4b69_3.csv,68.88888888,Sports,H264,720p
bba9-4b69_5.csv,65.71428572,Sports,H264,720p
bba9-4b69_phase_2_1.csv,80.0,Sports,H264,720p
bba9-4b69_phase_2_2.csv,80.0,Sports,H264,720p
bba9-4b69_phase_2_3.csv,74.28571428,Sports,H264,720p
bba9-4b69_phase_2_4.csv,93.33333334000001,Sports,H264,720p
bba9-6403_1.csv,66.66666666,Gaming,H264,720p
bba9-6403_2.csv,77.14285714,Gaming,H264,720p
bba9-6403_3.csv,60.0,Gaming,H264,720p
bba9-6403_4.csv,57.14285714,Gaming,H264,720p
bba9-6403_phase_2_1.csv,74.28571428,Gaming,H264,720p
bba9-6403_phase_2_2.csv,78.0,Gaming,H264,720p
bba9-6403_phase_2_3.csv,66.66666666,Gaming,H264,720p
bba9-6403_phase_2_4.csv,68.0,Gaming,H264,720p
bba9-6658_1.csv,66.66666666,Gaming,H264,720p
bba9-6658_3.csv,63.636363640000006,Gaming,H264,720p
bba9-6658_4.csv,60.0,Gaming,H264,720p
bba9-6658_5.csv,76.0,Gaming,H264,720p
bba9-6658_phase_2_1.csv,62.85714286,Gaming,H264,720p
bba9-6658_phase_2_2.csv,60.0,Gaming,H264,720p
bba9-6658_phase_2_3.csv,68.0,Gaming,H264,720p
bba9-6658_phase_2_4.csv,100.0,Gaming,H264,720p
